0,0,5022678
1,5022679,5022692
0,5022693,5025007
1,5025008,5025048
0,5025049,5026278
1,5026279,5026629
0,5026630,5027933
1,5027934,5028224
0,5028225,5032051
1,5032052,5032216
0,5032217,5033406
1,5033407,5033442
0,5033443,5040583
1,5040584,5040615
0,5040616,5117101
1,5117102,5117230
0,5117231,5118689
1,5118690,5118846
0,5118847,5121709
1,5121710,5121802
0,5121803,5124754
1,5124755,5124874
0,5124875,5125877
1,5125878,5125991
0,5125992,5127896
1,5127897,5127949
0,5127950,5128212
1,5128213,5128353
0,5128354,5131279
1,5131280,5131454
0,5131455,5133424
1,5133425,5133499
0,5133500,5133653
1,5133654,5133804
0,5133805,5133900
1,5133901,5134119
0,5134120,5135087
1,5135088,5135153
0,5135154,5135933
1,5135934,5136042
0,5136043,5137325
1,5137326,5137473
0,5137474,5139696
1,5139697,5139877
0,5139878,5140951
1,5140952,5141102
0,5141103,5141275
1,5141276,5141423
0,5141424,5141557
1,5141558,5141706
0,5141707,5142530
1,5142531,5142667
0,5142668,5143220
1,5143221,5143291
0,5143292,5144089
1,5144090,5144233
0,5144234,5146135
1,5146136,5146365
0,5146366,5146656
1,5146657,5146792
0,5146793,5147287
1,5147288,5147431
0,5147432,5147777
1,5147778,5147877
0,5147878,5148208
1,5148209,5148303
0,5148304,5152959
1,5152960,5153072
0,5153073,5154621
1,5154622,5154639
0,5154640,5972951
1,5972952,5973332
0,5973333,6112082
1,6112083,6112238
0,6112239,6112737
1,6112738,6112854
0,6112855,6116222
1,6116223,6116286
0,6116287,6116460
1,6116461,6116622
0,6116623,6116892
1,6116893,6117017
0,6117018,6117126
1,6117127,6117250
0,6117251,6117802
1,6117803,6118026
0,6118027,6118254
1,6118255,6118401
0,6118402,6118781
1,6118782,6118907
0,6118908,6119022
1,6119023,6119239
0,6119240,6119718
1,6119719,6120000
0,6120001,6120485
1,6120486,6120717
0,6120718,6121142
1,6121143,6121518
0,6121519,6445556
1,6445557,6445660
0,6445661,6448479
1,6448480,6448564
0,6448565,6449821
1,6449822,6449930
0,6449931,6450510
1,6450511,6450645
0,6450646,6450902
1,6450903,6450980
0,6450981,6452117
1,6452118,6452223
0,6452224,6453987
1,6453988,6454072
0,6454073,6454629
1,6454630,6454755
0,6454756,6455576
1,6455577,6455668
0,6455669,6456879
1,6456880,6456949
0,6456950,6457063
1,6457064,6457198
0,6457199,6457292
1,6457293,6457372
0,6457373,6457919
1,6457920,6458054
0,6458055,6460185
1,6460186,6460292
0,6460293,6463661
1,6463662,6463870
0,6463871,6484767
1,6484768,6484915
0,6484916,6486136
1,6486137,6486229
0,6486230,6486320
1,6486321,6486454
0,6486455,6487105
1,6487106,6487204
0,6487205,6487361
1,6487362,6487411
0,6487412,6492129
1,6492130,6492196
0,6492197,6493042
1,6493043,6493109
0,6493110,6495991
1,6495992,6496079
0,6496080,6499127
1,6499128,6499171
0,6499172,6560781
1,6560782,6560970
0,6560971,6562199
1,6562200,6562322
0,6562323,6563753
1,6563754,6563963
0,6563964,7748974
1,7748975,7748986
0,7748987,7754950
1,7754951,7755115
0,7755116,7769185
1,7769186,7769374
0,7769375,7769791
1,7769792,7770547
0,7770548,7771565
1,7771566,7771571
0,7771572,7819231
1,7819232,7819630
0,7819631,10538722
1,10538723,10538733
0,10538734,10541110
1,10541111,10541164
0,10541165,10542393
1,10542394,10542447
0,10542448,10543327
1,10543328,10543381
0,10543382,10552655
1,10552656,10552715
0,10552716,10559492
1,10559493,10559543
0,10559544,10561028
1,10561029,10561190
0,10561191,10567668
1,10567669,10567788
0,10567789,10569435
1,10569436,10569535
0,10569536,10569681
1,10569682,10569745
0,10569746,10570483
1,10570484,10570548
0,10570549,10577458
1,10577459,10577519
0,10577520,10578335
1,10578336,10578417
0,10578418,10578515
1,10578516,10578604
0,10578605,10590460
1,10590461,10590522
0,10590523,10592291
1,10592292,10592372
0,10592373,10595980
1,10595981,10596086
0,10596087,10598013
1,10598014,10598093
0,10598094,10602056
1,10602057,10602149
0,10602150,10603560
1,10603561,10603631
0,10603632,10605415
1,10605416,10605551
0,10605552,13610227
1,13610228,13610748
0,13610749,13615121
1,13615122,13615236
0,13615237,13615395
1,13615396,13615569
0,13615570,13618347
1,13618348,13618454
0,13618455,13620156
1,13620157,13620294
0,13620295,13622803
1,13622804,13622874
0,13622875,13628380
1,13628381,13628451
0,13628452,13629854
1,13629855,13629899
0,13629900,13630939
1,13630940,13631106
0,13631107,13639513
1,13639514,13639637
0,13639638,13641343
1,13641344,13641565
0,13641566,14108991
1,14108992,14109079
0,14109080,14144621
1,14144622,14144798
0,14144799,14152571
1,14152572,14152683
0,14152684,14163417
1,14163418,14163522
0,14163523,14165221
1,14165222,14165389
0,14165390,14166360
1,14166361,14166450
0,14166451,14181756
1,14181757,14181858
0,14181859,14185959
1,14185960,14186068
0,14186069,14189032
1,14189033,14189418
0,14189419,14206813
1,14206814,14206922
0,14206923,14210798
1,14210799,14210844
0,14210845,14216185
1,14216186,14216281
0,14216282,14219561
1,14219562,14219724
0,14219725,14221095
1,14221096,14221168
0,14221169,14224436
1,14224437,14224536
0,14224537,14226878
1,14226879,14227292
0,14227293,14373615
1,14373616,14374283
0,14374284,14375650
1,14375651,14375818
0,14375819,14378197
1,14378198,14378411
0,14378412,14381201
1,14381202,14381542
0,14381543,14383093
1,14383094,14383118
0,14383119,14485910
1,14485911,14486113
0,14486114,14498440
1,14498441,14498591
0,14498592,14500527
1,14500528,14500734
0,14500735,14510308
1,14510309,14510460
0,14510461,14512442
1,14512443,14512572
0,14512573,14516890
1,14516891,14517040
0,14517041,14521148
1,14521149,14521220
0,14521221,14546203
1,14546204,14546260
0,14546261,14964714
1,14964715,14968191
0,14968192,15730392
1,15730393,15730437
0,15730438,15762889
1,15762890,15762967
0,15762968,15765995
1,15765996,15766140
0,15766141,15777902
1,15777903,15778026
0,15778027,15791500
1,15791501,15791663
0,15791664,15799755
1,15799756,15799842
0,15799843,15805119
1,15805120,15805257
0,15805258,15808807
1,15808808,15808884
0,15808885,15811135
1,15811136,15811209
0,15811210,15818696
1,15818697,15818845
0,15818846,15824037
1,15824038,15824165
0,15824166,15824964
1,15824965,15825060
0,15825061,15826202
1,15826203,15826364
0,15826365,15826975
1,15826976,15827202
0,15827203,15830529
1,15830530,15830600
0,15830601,15831399
1,15831400,15831628
0,15831629,15833346
1,15833347,15833547
0,15833548,15842396
1,15842397,15842539
0,15842540,15847661
1,15847662,15847775
0,15847776,15849775
1,15849776,15849871
0,15849872,15864266
1,15864267,15864445
0,15864446,15866264
1,15866265,15866343
0,15866344,15870066
1,15870067,15870146
0,15870147,15874401
1,15874402,15874525
0,15874526,15877794
1,15877795,15877990
0,15877991,15878301
1,15878302,15878474
0,15878475,17513128
1,17513129,17513171
0,17513172,17547025
1,17547026,17547192
0,17547193,17551747
1,17551748,17551952
0,17551953,17558974
1,17558975,17559130
0,17559131,17560700
1,17560701,17560823
0,17560824,17561336
1,17561337,17561475
0,17561476,17565426
1,17565427,17565691
0,17565692,17593150
1,17593151,17593192
0,17593193,17594091
1,17594092,17594331
0,17594332,17598615
1,17598616,17598823
0,17598824,17604143
1,17604144,17604275
0,17604276,17604858
1,17604859,17604996
0,17604997,17608970
1,17608971,17609143
0,17609144,17793413
1,17793414,17793580
0,17793581,17795206
1,17795207,17795269
0,17795270,17796580
1,17796581,17797117
0,17797118,17818190
1,17818191,17818317
0,17818318,18245222
1,18245223,18245301
0,18245302,18245946
1,18245947,18245968
0,18245969,18256507
1,18256508,18256817
0,18256818,18256968
1,18256969,18257126
0,18257127,18260198
1,18260199,18260285
0,18260286,18262789
1,18262790,18262892
0,18262893,18265952
1,18265953,18266037
0,18266038,18269967
1,18269968,18270123
0,18270124,18275195
1,18275196,18275335
0,18275336,18278962
1,18278963,18279058
0,18279059,18281038
1,18281039,18281220
0,18281221,18294268
1,18294269,18294443
0,18294444,18294601
1,18294602,18294651
0,18294652,18297732
1,18297733,18297828
0,18297829,18312943
1,18312944,18313076
0,18313077,18315144
1,18315145,18315255
0,18315256,18326430
1,18326431,18326571
0,18326572,18329167
1,18329168,18329293
0,18329294,18332082
1,18332083,18332172
0,18332173,18341411
1,18341412,18341547
0,18341548,18343504
1,18343505,18343655
0,18343656,18343953
1,18343954,18344059
0,18344060,18352901
1,18352902,18353051
0,18353052,18353721
1,18353722,18353862
0,18353863,18359755
1,18359756,18359862
0,18359863,18365138
1,18365139,18365247
0,18365248,18372191
1,18372192,18372323
0,18372324,18379281
1,18379282,18379317
0,18379318,18383625
1,18383626,18383777
0,18383778,18397877
1,18397878,18397945
0,18397946,18398197
1,18398198,18398328
0,18398329,18403476
1,18403477,18403621
0,18403622,25585705
1,25585706,25585753
0,25585754,25587699
1,25587700,25587788
0,25587789,25588833
1,25588834,25588881
0,25588882,25592810
1,25592811,25592964
0,25592965,25593891
1,25593892,25593957
0,25593958,25597300
1,25597301,25597413
0,25597414,25599797
1,25599798,25599865
0,25599866,25601366
1,25601367,25601466
0,25601467,25603794
1,25603795,25603934
0,25603935,25606447
1,25606448,25606654
0,25606655,25607401
1,25607402,25607474
0,25607475,25639820
1,25639821,25639887
0,25639888,25683881
1,25683882,25683947
0,25683948,25689864
1,25689865,25689972
0,25689973,25693754
1,25693755,25693907
0,25693908,25698675
1,25698676,25698878
0,25698879,25702168
1,25702169,25702268
0,25702269,25705977
1,25705978,25706085
0,25706086,25709432
1,25709433,25709448
0,25709449,25712338
1,25712339,25712381
0,25712382,25714229
1,25714230,25714304
0,25714305,25714638
1,25714639,25714671
0,25714672,25724638
1,25724639,25724676
0,25724677,25725224
1,25725225,25725349
0,25725350,25729629
1,25729630,25729793
0,25729794,25741597
1,25741598,25741674
0,25741675,25745208
1,25745209,25745353
0,25745354,25749034
1,25749035,25749119
0,25749120,25751987
1,25751988,25752233
0,25752234,25758008
1,25758009,25758203
0,25758204,25762310
1,25762311,25762364
0,25762365,25764208
1,25764209,25764349
0,25764350,25764593
1,25764594,25764786
0,25764787,25769002
1,25769003,25769231
0,25769232,25881668
1,25881669,25881770
0,25881771,25891720
1,25891721,25891867
0,25891868,25897571
1,25897572,25897672
0,25897673,25905022
1,25905023,25905076
0,25905077,25911739
1,25911740,25911961
0,25911962,25954588
1,25954589,25954688
0,25954689,25955625
1,25955626,25955754
0,25955755,25975068
1,25975069,25975227
0,25975228,25975952
1,25975953,25976027
0,25976028,25982342
1,25982343,25982476
0,25982477,25997358
1,25997359,25997415
0,25997416,26000013
1,26000014,26000181
0,26000182,26021838
1,26021839,26022041
0,26022042,26050998
1,26050999,26051192
0,26051193,26053234
1,26053235,26053347
0,26053348,26089941
1,26089942,26090071
0,26090072,26111977
1,26111978,26112145
0,26112146,26140151
1,26140152,26140193
0,26140194,26170562
1,26170563,26170619
0,26170620,26468499
1,26468500,26468630
0,26468631,26478069
1,26478070,26478134
0,26478135,26480270
1,26480271,26480428
0,26480429,26566264
1,26566265,26566367
0,26566368,26572866
1,26572867,26572939
0,26572940,26837577
1,26837578,26838277
0,26838278,26838437
1,26838438,26838613
0,26838614,26839585
1,26839586,26839761
0,26839762,26839873
1,26839874,26840060
0,26840061,26840274
1,26840275,26840561
0,26840562,26840996
1,26840997,26841164
0,26841165,26841856
1,26841857,26841989
0,26841990,26842337
1,26842338,26842684
0,26842685,26844223
1,26844224,26844953
0,26844954,26924051
1,26924052,26924619
0,26924620,26929884
1,26929885,26930060
0,26930061,26932002
1,26932003,26932178
0,26932179,26932859
1,26932860,26933043
0,26933044,26934464
1,26934465,26934748
0,26934749,26943378
1,26943379,26943546
0,26943547,26954737
1,26954738,26954870
0,26954871,26965286
1,26965287,26966390
0,26966391,28876383
1,28876384,28876490
0,28876491,28878190
1,28878191,28878332
0,28878333,28879868
1,28879869,28879952
0,28879953,28882158
1,28882159,28882249
0,28882250,28882983
1,28882984,28883070
0,28883071,28885210
1,28885211,28885344
0,28885345,29006415
1,29006416,29006650
0,29006651,29007759
1,29007760,29008122
0,29008123,29008238
1,29008239,29008306
0,29008307,29008393
1,29008394,29008620
0,29008621,29019209
1,29019210,29019276
0,29019277,29027912
1,29027913,29027973
0,29027974,29030593
1,29030594,29030772
0,29030773,29034835
1,29034836,29034939
0,29034940,29036269
1,29036270,29036373
0,29036374,29037274
1,29037275,29037462
0,29037463,29038333
1,29038334,29038429
0,29038430,29039024
1,29039025,29039155
0,29039156,29039479
1,29039480,29039567
0,29039568,29040607
1,29040608,29040686
0,29040687,29042011
1,29042012,29042103
0,29042104,29042470
1,29042471,29042527
0,29042528,29043421
1,29043422,29043598
0,29043599,29046665
1,29046666,29047320
0,29047321,29048759
1,29048760,29048854
0,29048855,29050090
1,29050091,29050177
0,29050178,29053800
1,29053801,29053957
0,29053958,29054064
1,29054065,29054186
0,29054187,29133343
1,29133344,29133413
0,29133414,29149187
1,29149188,29149249
0,29149250,29159939
1,29159940,29160055
0,29160056,29174710
1,29174711,29174891
0,29174892,29321279
1,29321280,29321513
0,29321514,29326057
1,29326058,29327392
0,29327393,29329485
1,29329486,29329692
0,29329693,29342397
1,29342398,29342832
0,29342833,30165941
1,30165942,30166616
0,30166617,30282166
1,30282167,30282931
0,30282932,30289180
1,30289181,30289489
0,30289490,30319401
1,30319402,30320034
0,30320035,30337043
1,30337044,30337667
0,30337668,30396085
1,30396086,30396604
0,30396605,30430274
1,30430275,30430757
0,30430758,30440326
1,30440327,30440740
0,30440741,30496854
1,30496855,30497109
0,30497110,30590235
1,30590236,30590373
0,30590374,30598684
1,30598685,30598873
0,30598874,30601119
1,30601120,30601266
0,30601267,30616453
1,30616454,30616624
0,30616625,30635262
1,30635263,30635460
0,30635461,30642887
1,30642888,30643022
0,30643023,30718581
1,30718582,30718758
0,30718759,30813027
1,30813028,30813219
0,30813220,30829433
1,30829434,30829697
0,30829698,30881031
1,30881032,30881523
0,30881524,31038250
1,31038251,31038442
0,31038443,31120366
1,31120367,31120836
0,31120837,31124520
1,31124521,31124693
0,31124694,31127063
1,31127064,31127151
0,31127152,31130211
1,31130212,31130314
0,31130315,31130888
1,31130889,31130947
0,31130948,31135931
1,31135932,31136040
0,31136041,31141116
1,31141117,31141235
0,31141236,31141323
1,31141324,31141503
0,31141504,31146893
1,31146894,31147002
0,31147003,31152634
1,31152635,31152760
0,31152761,31153064
1,31153065,31153133
0,31153134,31154245
1,31154246,31154425
0,31154426,31164960
1,31164961,31165064
0,31165065,31182419
1,31182420,31182644
0,31182645,31186999
1,31187000,31187086
0,31187087,31195222
1,31195223,31195304
0,31195305,31202906
1,31202907,31203011
0,31203012,31210043
1,31210044,31210214
0,31210215,31213396
1,31213397,31213471
0,31213472,31217551
1,31217552,31217698
0,31217699,31223404
1,31223405,31223590
0,31223591,31225724
1,31225725,31225949
0,31225950,31245486
1,31245487,31245659
0,31245660,31251740
1,31251741,31252188
0,31252189,31266008
1,31266009,31266971
0,31266972,31659768
1,31659769,31659840
0,31659841,31663788
1,31663789,31663885
0,31663886,31666447
1,31666448,31666517
0,31666518,31667256
1,31667257,31667374
0,31667375,31668469
1,31668470,31668577
0,31668578,31671397
1,31671398,31672353
0,31672354,31685047
1,31685048,31685239
0,31685240,31685396
1,31685397,31685483
0,31685484,31685566
1,31685567,31685732
0,31685733,31688305
1,31688306,31688463
0,31688464,31690795
1,31690796,31690952
0,31690953,31691815
1,31691816,31691929
0,31691930,31692347
1,31692348,31692448
0,31692449,31693292
1,31693293,31693483
0,31693484,31694202
1,31694203,31694288
0,31694289,31694811
1,31694812,31694979
0,31694980,31696111
1,31696112,31696220
0,31696221,31696567
1,31696568,31696749
0,31696750,31700993
1,31700994,31701170
0,31701171,31701774
1,31701775,31701917
0,31701918,31702242
1,31702243,31702378
0,31702379,31703763
1,31703764,31703925
0,31703926,31705421
1,31705422,31705466
0,31705467,31706272
1,31706273,31706356
0,31706357,31731661
1,31731662,31731691
0,31731692,31873673
1,31873674,31873934
0,31873935,31924466
1,31924467,31924759
0,31924760,31940163
1,31940164,31940219
0,31940220,31946034
1,31946035,31946170
0,31946171,31958841
1,31958842,31958969
0,31958970,31968248
1,31968249,31968384
0,31968385,31974553
1,31974554,31974716
0,31974717,31983524
1,31983525,31983608
0,31983609,31990127
1,31990128,31990175
0,31990176,31995766
1,31995767,31995947
0,31995948,31998524
1,31998525,31999183
0,31999184,32269035
1,32269036,32269116
0,32269117,32269705
1,32269706,32269802
0,32269803,32270405
1,32270406,32270528
0,32270529,32274828
1,32274829,32274895
0,32274896,32278679
1,32278680,32279013
0,32279014,32298970
1,32298971,32299076
0,32299077,32306638
1,32306639,32306738
0,32306739,32311682
1,32311683,32311995
0,32311996,32314549
1,32314550,32314652
0,32314653,32314916
1,32314917,32315098
0,32315099,32316464
1,32316465,32317064
0,32317065,32317674
1,32317675,32317916
0,32317917,32319215
1,32319216,32319413
0,32319414,32320529
1,32320530,32320639
0,32320640,32321799
1,32321800,32321943
0,32321944,32322476
1,32322477,32322583
0,32322584,32324489
1,32324490,32324601
0,32324602,32325227
1,32325228,32325388
0,32325389,32333315
1,32333316,32333418
0,32333419,32334161
1,32334162,32334333
0,32334334,32337092
1,32337093,32337156
0,32337157,32337402
1,32337403,32337513
0,32337514,32338705
1,32338706,32338899
0,32338900,32341464
1,32341465,32341523
0,32341524,32344568
1,32344569,32344755
0,32344756,32345372
1,32345373,32345574
0,32345575,32346954
1,32346955,32347810
0,32347811,32349302
1,32349303,32349482
0,32349483,32350702
1,32350703,32350921
0,32350922,32352708
1,32352709,32352905
0,32352906,32353931
1,32353932,32354102
0,32354103,32354857
1,32354858,32354996
0,32354997,32355447
1,32355448,32355564
0,32355565,32357535
1,32357536,32357655
0,32357656,32359794
1,32359795,32359907
0,32359908,32361005
1,32361006,32361122
0,32361123,32361890
1,32361891,32362020
0,32362021,32363154
1,32363155,32363328
0,32363329,32366616
1,32366617,32366754
0,32366755,32368401
1,32368402,32368597
0,32368598,32372505
1,32372506,32372630
0,32372631,32373645
1,32373646,32373771
0,32373772,32375396
1,32375397,32375482
0,32375483,32378443
1,32378444,32378540
0,32378541,32383420
1,32383421,32383553
0,32383554,32384311
1,32384312,32384463
0,32384464,32385543
1,32385544,32385683
0,32385684,32392767
1,32392768,32392909
0,32392910,32412852
1,32412853,32413012
0,32413013,32453310
1,32453311,32453507
0,32453508,32457595
1,32457596,32457719
0,32457720,32467694
1,32467695,32467847
0,32467848,32495025
1,32495026,32495169
0,32495170,32501413
1,32501414,32501494
0,32501495,32503924
1,32503925,32504014
0,32504015,32514812
1,32514813,32515189
0,32515190,32576772
1,32576773,32576922
0,32576923,32578692
1,32578693,32578830
0,32578831,32582198
1,32582199,32582414
0,32582415,32584159
1,32584160,32584303
0,32584304,32601861
1,32601862,32601972
0,32601973,32602270
1,32602271,32602366
0,32602367,32603159
1,32603160,32603291
0,32603292,32604123
1,32604124,32604282
0,32604283,32607647
1,32607648,32607715
0,32607716,32609836
1,32609837,32610004
0,32610005,32612103
1,32612104,32612242
0,32612243,32734948
1,32734949,32735066
0,32735067,32737252
1,32737253,32737407
0,32737408,32738171
1,32738172,32738318
0,32738319,32741507
1,32741508,32741621
0,32741622,32743246
1,32743247,32743313
0,32743314,32743676
1,32743677,32743753
0,32743754,32744790
1,32744791,32744912
0,32744913,32745572
1,32745573,32745717
0,32745718,32748497
1,32748498,32748697
0,32748698,32750915
1,32750916,32751031
0,32751032,32751117
1,32751118,32751217
0,32751218,32755228
1,32755229,32755352
0,32755353,32759078
1,32759079,32759268
0,32759269,32759775
1,32759776,32759993
0,32759994,32761057
1,32761058,32761161
0,32761162,32762094
1,32762095,32762316
0,32762317,32764346
1,32764347,32764523
0,32764524,32769812
1,32769813,32769941
0,32769942,32771324
1,32771325,32771667
0,32771668,32793760
1,32793761,32794420
0,32794421,33026861
1,33026862,33027833
0,33027834,33070245
1,33070246,33071061
0,33071062,33241921
1,33241922,33241976
0,33241977,33243671
1,33243672,33243713
0,33243714,33244949
1,33244950,33245073
0,33245074,33246716
1,33246717,33246889
0,33246890,33248707
1,33248708,33248853
0,33248854,33252660
1,33252661,33252829
0,33252830,33260595
1,33260596,33260726
0,33260727,33262559
1,33262560,33262715
0,33262716,33262791
1,33262792,33263499
0,33263500,33266464
1,33266465,33266513
0,33266514,33268392
1,33268393,33268516
0,33268517,33276594
1,33276595,33276752
0,33276753,33279750
1,33279751,33279917
0,33279918,33283092
1,33283093,33283240
0,33283241,33288102
1,33288103,33288260
0,33288261,33296182
1,33296183,33296356
0,33296357,33325054
1,33325055,33325130
0,33325131,33335522
1,33335523,33335646
0,33335647,33340997
1,33340998,33341173
0,33341174,33343266
1,33343267,33343421
0,33343422,33343533
1,33343534,33343675
0,33343676,33345244
1,33345245,33345359
0,33345360,33349089
1,33349090,33349289
0,33349290,33349387
1,33349388,33349542
0,33349543,33352756
1,33352757,33352907
0,33352908,33353636
1,33353637,33353782
0,33353783,33355314
1,33355315,33355548
0,33355549,33403542
1,33403543,33403615
0,33403616,33414886
1,33414887,33415019
0,33415020,33421478
1,33421479,33421684
0,33421685,33426882
1,33426883,33427031
0,33427032,33432175
1,33432176,33432335
0,33432336,33432712
1,33432713,33432870
0,33432871,33436826
1,33436827,33436961
0,33436962,33450816
1,33450817,33450862
0,33450863,33455725
1,33455726,33455783
0,33455784,33460411
1,33460412,33460504
0,33460505,33465340
1,33465341,33465408
0,33465409,33467008
1,33467009,33467121
0,33467122,33468785
1,33468786,33468884
0,33468885,33488225
1,33488226,33489392
0,33489393,33504122
1,33504123,33504314
0,33504315,33504410
1,33504411,33504526
0,33504527,33505559
1,33505560,33505701
0,33505702,33505972
1,33505973,33506103
0,33506104,33509781
1,33509782,33509919
0,33509920,33511250
1,33511251,33511457
0,33511458,33516987
1,33516988,33517140
0,33517141,33517355
1,33517356,33517607
0,33517608,33520362
1,33520363,33520561
0,33520562,33520904
1,33520905,33521014
0,33521015,33522186
1,33522187,33522281
0,33522282,33524767
1,33524768,33524999
0,33525000,33528165
1,33528166,33528334
0,33528335,33528517
1,33528518,33528603
0,33528604,33528848
1,33528849,33528936
0,33528937,33530757
1,33530758,33530883
0,33530884,33531487
1,33531488,33531556
0,33531557,33532343
1,33532344,33532455
0,33532456,33534577
1,33534578,33534752
0,33534753,33535223
1,33535224,33535319
0,33535320,33539169
1,33539170,33539314
0,33539315,33543091
1,33543092,33543168
0,33543169,33546211
1,33546212,33546378
0,33546379,33549474
1,33549475,33555390
0,33555391,33557154
1,33557155,33557315
0,33557316,33559228
1,33559229,33559375
0,33559376,33559585
1,33559586,33559774
0,33559775,33559875
1,33559876,33560130
0,33560131,33567155
1,33567156,33567266
0,33567267,33568969
1,33568970,33569086
0,33569087,33573306
1,33573307,33573454
0,33573455,33575594
1,33575595,33575666
0,33575667,33575776
1,33575777,33575892
0,33575893,33576363
1,33576364,33576423
0,33576424,33578305
1,33578306,33578443
0,33578444,33579348
1,33579349,33579561
0,33579562,33581300
1,33581301,33581499
0,33581500,33581949
1,33581950,33582054
0,33582055,33582163
1,33582164,33582245
0,33582246,33583486
1,33583487,33583665
0,33583666,33584588
1,33584589,33584767
0,33584768,33585976
1,33585977,33586180
0,33586181,33587520
1,33587521,33587601
0,33587602,33588319
1,33588320,33588640
0,33588641,33589820
1,33589821,33589920
0,33589921,33591160
1,33591161,33591206
0,33591207,33595729
1,33595730,33595835
0,33595836,33597278
1,33597279,33597400
0,33597401,33599148
1,33599149,33599247
0,33599248,33602232
1,33602233,33602344
0,33602345,33603402
1,33603403,33603536
0,33603537,33613536
1,33613537,33613605
0,33613606,33616522
1,33616523,33616602
0,33616603,33616704
1,33616705,33616749
0,33616750,33621994
1,33621995,33622067
0,33622068,33624681
1,33624682,33624759
0,33624760,33631484
1,33631485,33631550
0,33631551,33718827
1,33718828,33718855
0,33718856,33721176
1,33721177,33721269
0,33721270,33722586
1,33722587,33722650
0,33722651,33735042
1,33735043,33735203
0,33735204,33750141
1,33750142,33750321
0,33750322,33751808
1,33751809,33751905
0,33751906,33755295
1,33755296,33755396
0,33755397,33761921
1,33761922,33761985
0,33761986,33765873
1,33765874,33766011
0,33766012,33767711
1,33767712,33767827
0,33767828,33772059
1,33772060,33772322
0,33772323,33774727
1,33774728,33774877
0,33774878,33774966
1,33774967,33775107
0,33775108,33781459
1,33781460,33781547
0,33781548,33781992
1,33781993,33782132
0,33782133,33794339
1,33794340,33794467
0,33794468,33797377
1,33797378,33797607
0,33797608,33799806
1,33799807,33799928
0,33799929,33802428
1,33802429,33802443
0,33802444,33810973
1,33810974,33811221
0,33811222,33813911
1,33813912,33814071
0,33814072,33818265
1,33818266,33818471
0,33818472,33819239
1,33819240,33819322
0,33819323,33823485
1,33823486,33823652
0,33823653,33826816
1,33826817,33826862
0,33826863,33829622
1,33829623,33829744
0,33829745,33834305
1,33834306,33834423
0,33834424,33836439
1,33836440,33836631
0,33836632,33836985
1,33836986,33836987
0,33836988,33856734
1,33856735,33856856
0,33856857,33858684
1,33858685,33858791
0,33858792,33865149
1,33865150,33865333
0,33865334,33867231
1,33867232,33867330
0,33867331,33875352
1,33875353,33875520
0,33875521,33882241
1,33882242,33882454
0,33882455,33883548
1,33883549,33883670
0,33883671,33885039
1,33885040,33885122
0,33885123,33885437
1,33885438,33885521
0,33885522,33886285
1,33886286,33886459
0,33886460,33888150
1,33888151,33888299
0,33888300,33903524
1,33903525,33903638
0,33903639,33903933
1,33903934,33904020
0,33904021,33907339
1,33907340,33907452
0,33907453,33909080
1,33909081,33909210
0,33909211,33912287
1,33912288,33912398
0,33912399,33914448
1,33914449,33914499
0,33914500,33915726
1,33915727,33915762
0,33915763,34073699
1,34073700,34073744
0,34073745,34095197
1,34095198,34097354
0,34097355,34125339
1,34125340,34125479
0,34125480,34142406
1,34142407,34142599
0,34142600,34370477
1,34370478,34370849
0,34370850,34379503
1,34379504,34379515
0,34379516,34385476
1,34385477,34385641
0,34385642,34399709
1,34399710,34399898
0,34399899,34400315
1,34400316,34401071
0,34401072,34402089
1,34402090,34402095
0,34402096,34449243
1,34449244,34449633
0,34449634,34518082
1,34518083,34518255
0,34518256,34521497
1,34521498,34521657
0,34521658,34523535
1,34523536,34523709
0,34523710,34526661
1,34526662,34526748
0,34526749,34614758
1,34614759,34615010
0,34615011,34669387
1,34669388,34670761
0,34670762,34707278
1,34707279,34707388
0,34707389,34707942
1,34707943,34708068
0,34708069,34708698
1,34708699,34708805
0,34708806,34709355
1,34709356,34709537
0,34709538,34716319
1,34716320,34716481
0,34716482,34792133
1,34792134,34792609
0,34792610,34799299
1,34799300,34799461
0,34799462,34821666
1,34821667,34821695
0,34821696,34834408
1,34834409,34834600
0,34834601,34859472
1,34859473,34859577
0,34859578,34880555
1,34880556,34880712
0,34880713,34886841
1,34886842,34887111
0,34887112,34892923
1,34892924,34892962
0,34892963,35048840
1,35048841,35048898
0,35048899,36036115
1,36036116,36036250
0,36036251,36038148
1,36038149,36038272
0,36038273,36040573
1,36040574,36040654
0,36040655,36041805
1,36041806,36041887
0,36041888,36043757
1,36043758,36043955
0,36043956,36045580
1,36045581,36046010
0,36046011,36048306
1,36048307,36048395
0,36048396,36053581
1,36053582,36053619
0,36053620,36057107
1,36057108,36057203
0,36057204,36058814
1,36058815,36058887
0,36058888,36070114
1,36070115,36070403
0,36070404,36070948
1,36070949,36071056
0,36071057,36072444
1,36072445,36072881
0,36072882,36135191
1,36135192,36135480
0,36135481,36137823
1,36137824,36137931
0,36137932,36146074
1,36146075,36146511
0,36146512,36164732
1,36164733,36164870
0,36164871,36199068
1,36199069,36199250
0,36199251,36200329
1,36200330,36200500
0,36200501,36208713
1,36208714,36208903
0,36208904,36211551
1,36211552,36211650
0,36211651,36211972
1,36211973,36212096
0,36212097,36214079
1,36214080,36214189
0,36214190,36214440
1,36214441,36214555
0,36214556,36219370
1,36219371,36219491
0,36219492,36223229
1,36223230,36223349
0,36223350,36225563
1,36225564,36225666
0,36225667,36227684
1,36227685,36227876
0,36227877,36230448
1,36230449,36231133
0,36231134,36232802
1,36232803,36233074
0,36233075,36237260
1,36237261,36237413
0,36237414,36238599
1,36238600,36238700
0,36238701,36239763
1,36239764,36239954
0,36239955,36245046
1,36245047,36246676
0,36246677,36247515
1,36247516,36247627
0,36247628,36248378
1,36248379,36248567
0,36248568,36251160
1,36251161,36251283
0,36251284,36253770
1,36253771,36253908
0,36253909,36260675
1,36260676,36260731
0,36260732,36263544
1,36263545,36263649
0,36263650,36263746
1,36263747,36263813
0,36263814,36270011
1,36270012,36270156
0,36270157,36277019
1,36277020,36277099
0,36277100,36277973
1,36277974,36278083
0,36278084,36278207
1,36278208,36278354
0,36278355,36280283
1,36280284,36280345
0,36280346,36281481
1,36281482,36281610
0,36281611,36288012
1,36288013,36288149
0,36288150,36288754
1,36288755,36288810
0,36288811,36289043
1,36289044,36289205
0,36289206,36292102
1,36292103,36292232
0,36292233,36293318
1,36293319,36293570
0,36293571,36320263
1,36320264,36320302
0,36320303,36333644
1,36333645,36333717
0,36333718,36336872
1,36336873,36337005
0,36337006,36337730
1,36337731,36337945
0,36337946,36338772
1,36338773,36338920
0,36338921,36341397
1,36341398,36341545
0,36341546,36344577
1,36344578,36344706
0,36344707,36344910
1,36344911,36345030
0,36345031,36349309
1,36349310,36349407
0,36349408,36356618
1,36356619,36356723
0,36356724,36359953
1,36359954,36360076
0,36360077,36360182
1,36360183,36360257
0,36360258,36362181
1,36362182,36362227
0,36362228,36364091
1,36364092,36364258
0,36364259,36368986
1,36368987,36369875
0,36369876,36372372
1,36372373,36372530
0,36372531,36375141
1,36375142,36375295
0,36375296,36386135
1,36386136,36386261
0,36386262,36387596
1,36387597,36387729
0,36387730,36391549
1,36391550,36391667
0,36391668,36394545
1,36394546,36394649
0,36394650,36397413
1,36397414,36397510
0,36397511,36399519
1,36399520,36399604
0,36399605,36402756
1,36402757,36402850
0,36402851,36408759
1,36408760,36408829
0,36408830,36409372
1,36409373,36409464
0,36409465,36411461
1,36411462,36411603
0,36411604,36412882
1,36412883,36413314
0,36413315,36415293
1,36415294,36415388
0,36415389,36416273
1,36416274,36416365
0,36416366,36460974
1,36460975,36461694
0,36461695,36699745
1,36699746,36699920
0,36699921,36709166
1,36709167,36709249
0,36709250,36712531
1,36712532,36712621
0,36712622,36719819
1,36719820,36719928
0,36719929,36723043
1,36723044,36723129
0,36723130,36726117
1,36726118,36726317
0,36726318,36731043
1,36731044,36731150
0,36731151,36741715
1,36741716,36741863
0,36741864,36743385
1,36743386,36743554
0,36743555,36744726
1,36744727,36745135
0,36745136,36747663
1,36747664,36748091
0,36748092,36754244
1,36754245,36754416
0,36754417,36756540
1,36756541,36756754
0,36756755,36759725
1,36759726,36759840
0,36759841,36765010
1,36765011,36765171
0,36765172,36767216
1,36767217,36767284
0,36767285,36896858
1,36896859,36897130
0,36897131,36930249
1,36930250,36930432
0,36930433,36936447
1,36936448,36937391
0,36937392,36938830
1,36938831,36938882
0,36938883,37006771
1,37006772,37006875
0,37006876,37008155
1,37008156,37008222
0,37008223,37013549
1,37013550,37013617
0,37013618,37017872
1,37017873,37018206
0,37018207,37065580
1,37065581,37065711
0,37065712,37067260
1,37067261,37067379
0,37067380,37069550
1,37069551,37069623
0,37069624,37072432
1,37072433,37072586
0,37072587,37087256
1,37087257,37087400
0,37087401,37087831
1,37087832,37087874
0,37087875,37088194
1,37088195,37088345
0,37088346,37088797
1,37088798,37088885
0,37088886,37090231
1,37090232,37090285
0,37090286,37091291
1,37091292,37091412
0,37091413,37094003
1,37094004,37094089
0,37094090,37095348
1,37095349,37095443
0,37095444,37096579
1,37096580,37096642
0,37096643,37108390
1,37108391,37108445
0,37108446,37121815
1,37121816,37121978
0,37121979,37122981
1,37122982,37123027
0,37123028,37124617
1,37124618,37124741
0,37124742,37126078
1,37126079,37126142
0,37126143,37129001
1,37129002,37129062
0,37129063,37132680
1,37132681,37132765
0,37132766,37135378
1,37135379,37135513
0,37135514,37138632
1,37138633,37138713
0,37138714,37140559
1,37140560,37140672
0,37140673,37144523
1,37144524,37144644
0,37144645,37147479
1,37147480,37147602
0,37147603,37148544
1,37148545,37148646
0,37148647,37150076
1,37150077,37150169
0,37150170,37150818
1,37150819,37150883
0,37150884,37151891
1,37151892,37152028
0,37152029,37152949
1,37152950,37153276
0,37153277,37156653
1,37156654,37156905
0,37156906,37159697
1,37159698,37159744
0,37159745,37160800
1,37160801,37160857
0,37160858,37161988
1,37161989,37162062
0,37162063,37164049
1,37164050,37164214
0,37164215,37165548
1,37165549,37166614
0,37166615,37167553
1,37167554,37167619
0,37167620,37172593
1,37172594,37172743
0,37172744,37182772
1,37182773,37182912
0,37182913,37185704
1,37185705,37185773
0,37185774,37187047
1,37187048,37187144
0,37187145,37188493
1,37188494,37188594
0,37188595,37191332
1,37191333,37191423
0,37191424,37192110
1,37192111,37192212
0,37192213,37195673
1,37195674,37196035
0,37196036,37197568
1,37197569,37197695
0,37197696,37197880
1,37197881,37198024
0,37198025,37200230
1,37200231,37200323
0,37200324,37201438
1,37201439,37201573
0,37201574,37225542
1,37225543,37225625
0,37225626,37227652
1,37227653,37227805
0,37227806,37228221
1,37228222,37228372
0,37228373,37232375
1,37232376,37232450
0,37232451,37233360
1,37233361,37233441
0,37233442,37238458
1,37238459,37238608
0,37238609,37240494
1,37240495,37240638
0,37240639,37267236
1,37267237,37267293
0,37267294,37420373
1,37420374,37420383
0,37420384,37472682
1,37472683,37472879
0,37472880,37478179
1,37478180,37478299
0,37478300,37480636
1,37480637,37480825
0,37480826,37486465
1,37486466,37486613
0,37486614,37490173
1,37490174,37490460
0,37490461,37493015
1,37493016,37493162
0,37493163,37496116
1,37496117,37496257
0,37496258,37505281
1,37505282,37505588
0,37505589,37511909
1,37511910,37511953
0,37511954,37625157
1,37625158,37625483
0,37625484,37714209
1,37714210,37715130
0,37715131,37840656
1,37840657,37840681
0,37840682,38299260
1,38299261,38300388
0,38300389,38383401
1,38383402,38383922
0,38383923,38390993
1,38390994,38391041
0,38391042,38391657
1,38391658,38391714
0,38391715,38392374
1,38392375,38392443
0,38392444,38400572
1,38400573,38400644
0,38400645,38402555
1,38402556,38402636
0,38402637,38403504
1,38403505,38403708
0,38403709,38423408
1,38423409,38423560
0,38423561,38445402
1,38445403,38445620
0,38445621,38498361
1,38498362,38498379
0,38498380,38575660
1,38575661,38575699
0,38575700,38810033
1,38810034,38810105
0,38810106,38813001
1,38813002,38813113
0,38813114,38814271
1,38814272,38814391
0,38814392,38814779
1,38814780,38814980
0,38814981,38817006
1,38817007,38817090
0,38817091,38818423
1,38818424,38818645
0,38818646,38819501
1,38819502,38819765
0,38819766,38821584
1,38821585,38821703
0,38821704,38822672
1,38822673,38822888
0,38822889,39175588
1,39175589,39175663
0,39175664,39177433
1,39177434,39177570
0,39177571,39178447
1,39178448,39178646
0,39178647,39179922
1,39179923,39179985
0,39179986,39180283
1,39180284,39180435
0,39180436,39181770
1,39181771,39181877
0,39181878,39183250
1,39183251,39183384
0,39183385,39187024
1,39187025,39187416
0,39187417,39196257
1,39196258,39197414
0,39197415,39198761
1,39198762,39199661
0,39199662,39200217
1,39200218,39200385
0,39200386,39202323
1,39202324,39202544
0,39202545,39206106
1,39206107,39206273
0,39206274,39209993
1,39209994,39210146
0,39210147,39210784
1,39210785,39210928
0,39210929,39212664
1,39212665,39212706
0,39212707,39213479
1,39213480,39213552
0,39213553,39215235
1,39215236,39215361
0,39215362,39218150
1,39218151,39218271
0,39218272,39218503
1,39218504,39218659
0,39218660,39224406
1,39224407,39224468
0,39224469,39225084
1,39225085,39225196
0,39225197,39228498
1,39228499,39228581
0,39228582,39229310
1,39229311,39229435
0,39229436,39232175
1,39232176,39232283
0,39232284,39232371
1,39232372,39232497
0,39232498,39236593
1,39236594,39236783
0,39236784,39238477
1,39238478,39238572
0,39238573,39247699
1,39247700,39247831
0,39247832,39250794
1,39250795,39250888
0,39250889,39255643
1,39255644,39255827
0,39255828,39258485
1,39258486,39258671
0,39258672,39264458
1,39264459,39264684
0,39264685,39264889
1,39264890,39265018
0,39265019,39269897
1,39269898,39270032
0,39270033,39270281
1,39270282,39270432
0,39270433,39274372
1,39274373,39274471
0,39274472,39276171
1,39276172,39276212
0,39276213,39277249
1,39277250,39277350
0,39277351,39278741
1,39278742,39278812
0,39278813,39280146
1,39280147,39280247
0,39280248,39293809
1,39293810,39294031
0,39294032,39295741
1,39295742,39295902
0,39295903,39296263
1,39296264,39296362
0,39296363,39298430
1,39298431,39298581
0,39298582,39312839
1,39312840,39312899
0,39312900,39313070
1,39313071,39313100
0,39313101,39313239
1,39313240,39313298
0,39313299,39313441
1,39313442,39313490
0,39313491,39343110
1,39343111,39343158
0,39343159,39345144
1,39345145,39345273
0,39345274,39348290
1,39348291,39348338
0,39348339,39348420
1,39348421,39348450
0,39348451,39348543
1,39348544,39348576
0,39348577,39348901
1,39348902,39348916
0,39348917,39349458
1,39349459,39349521
0,39349522,39380383
1,39380384,39380485
0,39380486,39390696
1,39390697,39390862
0,39390863,39391767
1,39391768,39391835
0,39391836,39393164
1,39393165,39393279
0,39393280,39396864
1,39396865,39396938
0,39396939,39452095
1,39452096,39452140
0,39452141,39462373
1,39462374,39462559
0,39462560,39475133
1,39475134,39475214
0,39475215,39499821
1,39499822,39499914
0,39499915,39508996
1,39508997,39509026
0,39509027,39511678
1,39511679,39511774
0,39511775,39660558
1,39660559,39661491
0,39661492,39745508
1,39745509,39745525
0,39745526,39746214
1,39746215,39746297
0,39746298,39765533
1,39765534,39765851
0,39765852,39770914
1,39770915,39771214
0,39771215,39779088
1,39779089,39779304
0,39779305,39788165
1,39788166,39788187
0,39788188,39792006
1,39792007,39792098
0,39792099,39793532
1,39793533,39793612
0,39793613,39801260
1,39801261,39801356
0,39801357,39867500
1,39867501,39867509
0,39867510,39898474
1,39898475,39898526
0,39898527,39928982
1,39928983,39929110
0,39929111,41168262
1,41168263,41168574
0,41168575,41226264
1,41226265,41226353
0,41226354,41237511
1,41237512,41237728
0,41237729,41241817
1,41241818,41241946
0,41241947,41243374
1,41243375,41243509
0,41243510,41245960
1,41245961,41246062
0,41246063,41250750
1,41250751,41250900
0,41250901,41257156
1,41257157,41257325
0,41257326,41275369
1,41275370,41275623
0,41275624,41316878
1,41316879,41316897
0,41316898,41322921
1,41322922,41323065
0,41323066,41338376
1,41338377,41338500
0,41338501,41344474
1,41344475,41344533
0,41344534,41345684
1,41345685,41345735
0,41345736,41347011
1,41347012,41347099
0,41347100,41348590
1,41348591,41348723
0,41348724,41357106
1,41357107,41357196
0,41357197,41376905
1,41376906,41377154
0,41377155,41377787
1,41377788,41377980
0,41377981,41380015
1,41380016,41380150
0,41380151,41382408
1,41382409,41382563
0,41382564,41390563
1,41390564,41390702
0,41390703,41395585
1,41395586,41395784
0,41395785,41397611
1,41397612,41397690
0,41397691,41398895
1,41398896,41399018
0,41399019,41399194
1,41399195,41399336
0,41399337,41401968
1,41401969,41402127
0,41402128,41403265
1,41403266,41403342
0,41403343,41406742
1,41406743,41406997
0,41406998,41407989
1,41407990,41408232
0,41408233,41432069
1,41432070,41432174
0,41432175,41435835
1,41435836,41436028
0,41436029,41437013
1,41437014,41437151
0,41437152,41439692
1,41439693,41439847
0,41439848,41440885
1,41440886,41441024
0,41441025,41441714
1,41441715,41441913
0,41441914,41443786
1,41443787,41443865
0,41443866,41445446
1,41445447,41445569
0,41445570,41445998
1,41445999,41446140
0,41446141,41449135
1,41449136,41449294
0,41449295,41451165
1,41451166,41451242
0,41451243,41452619
1,41452620,41452868
0,41452869,41458526
1,41458527,41458780
0,41458781,41466140
1,41466141,41466152
0,41466153,41467732
1,41467733,41467885
0,41467886,41468394
1,41468395,41468537
0,41468538,41470646
1,41470647,41470742
0,41470743,41471804
1,41471805,41471980
0,41471981,41473323
1,41473324,41473495
0,41473496,41476575
1,41476576,41476619
0,41476620,41479170
1,41479171,41479281
0,41479282,41480474
1,41480475,41480601
0,41480602,41488392
1,41488393,41488512
0,41488513,41489505
1,41489506,41489592
0,41489593,41494354
1,41494355,41494577
0,41494578,41498117
1,41498118,41498188
0,41498189,41507948
1,41507949,41508003
0,41508004,41740836
1,41740837,41741996
0,41741997,41743880
1,41743881,41744139
0,41744140,41745757
1,41745758,41745861
0,41745862,41746611
1,41746612,41746770
0,41746771,41749152
1,41749153,41749202
0,41749203,41751095
1,41751096,41751244
0,41751245,41756523
1,41756524,41756815
0,41756816,41766858
1,41766859,41767040
0,41767041,41801238
1,41801239,41801721
0,41801722,41802710
1,41802711,41802920
0,41802921,41804532
1,41804533,41804613
0,41804614,41810152
1,41810153,41810328
0,41810329,41810751
1,41810752,41810835
0,41810836,41815703
1,41815704,41815835
0,41815836,41819580
1,41819581,41819700
0,41819701,41820093
1,41820094,41820173
0,41820174,41821065
1,41821066,41821229
0,41821230,41821901
1,41821902,41822036
0,41822037,41823316
1,41823317,41823448
0,41823449,41825958
1,41825959,41826053
0,41826054,41828164
1,41828165,41828332
0,41828333,41834503
1,41834504,41834563
0,41834564,41835435
1,41835436,41835523
0,41835524,41836111
1,41836112,41836206
0,41836207,41836466
1,41836467,41836648
0,41836649,41837932
1,41837933,41838062
0,41838063,41839621
1,41839622,41839852
0,41839853,41847088
1,41847089,41847190
0,41847191,41854564
1,41854565,41854817
0,41854818,41857174
1,41857175,41857328
0,41857329,41859590
1,41859591,41859684
0,41859685,41860325
1,41860326,41860362
0,41860363,41889122
1,41889123,41889343
0,41889344,41899051
1,41899052,41899361
0,41899362,41901620
1,41901621,41901748
0,41901749,41905722
1,41905723,41905836
0,41905837,41906990
1,41906991,41907165
0,41907166,41907658
1,41907659,41907783
0,41907784,41909457
1,41909458,41909522
0,41909523,41912330
1,41912331,41912439
0,41912440,41914596
1,41914597,41914720
0,41914721,41918103
1,41918104,41918226
0,41918227,41918854
1,41918855,41918959
0,41918960,41921970
1,41921971,41922084
0,41922085,41942145
1,41942146,41942244
0,41942245,41953368
1,41953369,41953647
0,41953648,41990893
1,41990894,41994094
0,41994095,42071315
1,42071316,42071391
0,42071392,42076003
1,42076004,42076246
0,42076247,42084082
1,42084083,42084244
0,42084245,42085289
1,42085290,42085411
0,42085412,42088292
1,42088293,42088479
0,42088480,42090296
1,42090297,42090437
0,42090438,42098924
1,42098925,42099179
0,42099180,42102164
1,42102165,42102277
0,42102278,42103866
1,42103867,42104086
0,42104087,42109560
1,42109561,42109698
0,42109699,42110878
1,42110879,42111709
0,42111710,42113571
1,42113572,42113829
0,42113830,42115871
1,42115872,42115984
0,42115985,42119109
1,42119110,42119323
0,42119324,42121085
1,42121086,42121223
0,42121224,42122829
1,42122830,42123149
0,42123150,42126343
1,42126344,42126489
0,42126490,42127004
1,42127005,42127241
0,42127242,42127670
1,42127671,42127830
0,42127831,42129711
1,42129712,42129796
0,42129797,42137437
1,42137438,42137619
0,42137620,42201674
1,42201675,42201722
0,42201723,42216154
1,42216155,42216187
0,42216188,42219261
1,42219262,42219303
0,42219304,42219970
1,42219971,42220045
0,42220046,42225669
1,42225670,42225913
0,42225914,42256230
1,42256231,42256615
0,42256616,42259313
1,42259314,42259501
0,42259502,42259987
1,42259988,42260138
0,42260139,42271068
1,42271069,42271186
0,42271187,42273301
1,42273302,42273434
0,42273435,42276893
1,42276894,42276944
0,42276945,42282272
1,42282273,42282418
0,42282419,42284558
1,42284559,42284682
0,42284683,42285878
1,42285879,42285993
0,42285994,42287887
1,42287888,42288072
0,42288073,42288209
1,42288210,42288311
0,42288312,42290048
1,42290049,42290217
0,42290218,42291090
1,42291091,42291191
0,42291192,42291496
1,42291497,42291655
0,42291656,42294540
1,42294541,42294659
0,42294660,42296162
1,42296163,42296391
0,42296392,42312254
1,42312255,42312268
0,42312269,42313483
1,42313484,42313630
0,42313631,42315291
1,42315292,42315373
0,42315374,42346531
1,42346532,42346545
0,42346546,42347484
1,42347485,42347631
0,42347632,42349879
1,42349880,42350029
0,42350030,42350877
1,42350878,42350956
0,42350957,42362477
1,42362478,42362494
0,42362495,42363253
1,42363254,42363406
0,42363407,42366409
1,42366410,42366494
0,42366495,42372760
1,42372761,42372778
0,42372779,42375714
1,42375715,42375867
0,42375868,42376539
1,42376540,42376685
0,42376686,42380115
1,42380116,42380211
0,42380212,42382063
1,42382064,42382233
0,42382234,42383031
1,42383032,42383197
0,42383198,42383968
1,42383969,42384012
0,42384013,42385407
1,42385408,42385533
0,42385534,42388401
1,42388402,42388525
0,42388526,42388927
1,42388928,42389044
0,42389045,42389925
1,42389926,42390036
0,42390037,42395322
1,42395323,42395416
0,42395417,42403944
1,42403945,42404057
0,42404058,42406306
1,42406307,42406360
0,42406361,42409420
1,42409421,42409607
0,42409608,42413022
1,42413023,42413221
0,42413222,42413408
1,42413409,42413522
0,42413523,42416440
1,42416441,42416610
0,42416611,42418399
1,42418400,42418608
0,42418609,42426695
1,42426696,42426819
0,42426820,42432101
1,42432102,42432201
0,42432202,42434830
1,42434831,42434953
0,42434954,42437486
1,42437487,42437579
0,42437580,42442450
1,42442451,42442595
0,42442596,42443310
1,42443311,42443417
0,42443418,42444532
1,42444533,42444642
0,42444643,42447055
1,42447056,42447193
0,42447194,42472816
1,42472817,42472869
0,42472870,42475896
1,42475897,42476046
0,42476047,42477289
1,42477290,42477443
0,42477444,42482635
1,42482636,42482707
0,42482708,42485667
1,42485668,42485803
0,42485804,42486369
1,42486370,42486460
0,42486461,42492756
1,42492757,42492862
0,42492863,42492964
1,42492965,42493078
0,42493079,42496131
1,42496132,42496185
0,42496186,42518453
1,42518454,42518509
0,42518510,42525774
1,42525775,42525856
0,42525857,42534696
1,42534697,42534829
0,42534830,42535470
1,42535471,42535549
0,42535550,42539510
1,42539511,42539646
0,42539647,42542402
1,42542403,42542479
0,42542480,42543434
1,42543435,42543601
0,42543602,42547101
1,42547102,42547139
0,42547140,42554060
1,42554061,42554141
0,42554142,42558956
1,42558957,42559088
0,42559089,42562076
1,42562077,42562167
0,42562168,42563813
1,42563814,42563876
0,42563877,42564706
1,42564707,42564792
0,42564793,42565825
1,42565826,42565874
0,42565875,42566983
1,42566984,42567057
0,42567058,42568358
1,42568359,42568437
0,42568438,42574816
1,42574817,42574914
0,42574915,42579734
1,42579735,42579799
0,42579800,42580343
1,42580344,42580359
0,42580360,42653813
1,42653814,42653882
0,42653883,42686190
1,42686191,42686261
0,42686262,42687915
1,42687916,42687993
0,42687994,42697413
1,42697414,42697489
0,42697490,42698966
1,42698967,42699010
0,42699011,42731768
1,42731769,42731948
0,42731949,42732068
1,42732069,42732123
0,42732124,42733354
1,42733355,42733425
0,42733426,42743774
1,42743775,42743859
0,42743860,42751114
1,42751115,42751196
0,42751197,42753988
1,42753989,42754063
0,42754064,42758997
1,42758998,42759084
0,42759085,42760326
1,42760327,42760431
0,42760432,42760823
1,42760824,42760906
0,42760907,42762081
1,42762082,42762238
0,42762239,42765379
1,42765380,42765493
0,42765494,42768186
1,42768187,42768291
0,42768292,42769025
1,42769026,42769154
0,42769155,42770701
1,42770702,42770797
0,42770798,42772437
1,42772438,42772519
0,42772520,42775278
1,42775279,42775292
0,42775293,42850047
1,42850048,42850241
0,42850242,42852253
1,42852254,42852323
0,42852324,42853567
1,42853568,42853751
0,42853752,42854560
1,42854561,42854625
0,42854626,42855680
1,42855681,42855779
0,42855780,42859660
1,42859661,42859721
0,42859722,42862280
1,42862281,42862393
0,42862394,42863438
1,42863439,42863595
0,42863596,42873549
1,42873550,42873690
0,42873691,42876700
1,42876701,42876766
0,42876767,42879405
1,42879406,42879494
0,42879495,42893332
1,42893333,42893380
0,42893381,42896925
1,42896926,42897046
0,42897047,42903180
1,42903181,42904275
0,42904276,42908862
1,42908863,42909020
0,42909021,43004380
1,43004381,43004431
0,43004432,43007489
1,43007490,43007617
0,43007618,43010051
1,43010052,43010223
0,43010224,43013066
1,43013067,43013237
0,43013238,43016906
1,43016907,43017006
0,43017007,43018131
1,43018132,43018229
0,43018230,43021301
1,43021302,43021430
0,43021431,43024869
1,43024870,43024946
0,43024947,43028700
1,43028701,43028873
0,43028874,43029888
1,43029889,43030100
0,43030101,43053878
1,43053879,43053982
0,43053983,43056801
1,43056802,43056886
0,43056887,43058143
1,43058144,43058252
0,43058253,43058832
1,43058833,43058967
0,43058968,43059224
1,43059225,43059302
0,43059303,43060439
1,43060440,43060545
0,43060546,43062309
1,43062310,43062394
0,43062395,43062951
1,43062952,43063077
0,43063078,43063898
1,43063899,43063990
0,43063991,43065201
1,43065202,43065271
0,43065272,43065385
1,43065386,43065520
0,43065521,43065614
1,43065615,43065694
0,43065695,43066241
1,43066242,43066376
0,43066377,43068507
1,43068508,43068614
0,43068615,43071983
1,43071984,43072192
0,43072193,43093100
1,43093101,43093248
0,43093249,43094469
1,43094470,43094562
0,43094563,43094653
1,43094654,43094787
0,43094788,43095436
1,43095437,43095535
0,43095536,43095692
1,43095693,43095742
0,43095743,43100451
1,43100452,43100518
0,43100519,43101364
1,43101365,43101431
0,43101432,43104313
1,43104314,43104401
0,43104402,43107449
1,43107450,43107493
0,43107494,43169098
1,43169099,43169287
0,43169288,43170515
1,43170516,43170638
0,43170639,43172069
1,43172070,43172279
0,43172280,43416740
1,43416741,43417116
0,43417117,43417541
1,43417542,43417773
0,43417774,43418258
1,43418259,43418540
0,43418541,43419019
1,43419020,43419236
0,43419237,43419351
1,43419352,43419477
0,43419478,43419857
1,43419858,43420004
0,43420005,43420232
1,43420233,43420456
0,43420457,43421008
1,43421009,43421132
0,43421133,43421241
1,43421242,43421366
0,43421367,43421636
1,43421637,43421798
0,43421799,43421972
1,43421973,43422036
0,43422037,43425405
1,43425406,43425522
0,43425523,43426021
1,43426022,43426177
0,43426178,43529752
1,43529753,43529961
0,43529962,43565237
1,43565238,43565618
0,43565619,43592223
1,43592224,43592327
0,43592328,43613828
1,43613829,43613946
0,43613947,43630320
1,43630321,43630453
0,43630454,43633270
1,43633271,43633420
0,43633421,43644287
1,43644288,43644391
0,43644392,43656585
1,43656586,43656736
0,43656737,43658059
1,43658060,43658095
0,43658096,43659663
1,43659664,43659793
0,43659794,43669882
1,43669883,43669965
0,43669966,43672306
1,43672307,43672364
0,43672365,43673868
1,43673869,43673954
0,43673955,43674634
1,43674635,43674696
0,43674697,43675032
1,43675033,43675162
0,43675163,43676270
1,43676271,43676335
0,43676336,43676731
1,43676732,43676913
0,43676914,43683277
1,43683278,43683372
0,43683373,43684551
1,43684552,43684649
0,43684650,43685768
1,43685769,43685788
0,43685789,43686802
1,43686803,43686934
0,43686935,43687514
1,43687515,43688239
0,43688240,43690286
1,43690287,43690439
0,43690440,43691437
1,43691438,43691501
0,43691502,43693188
1,43693189,43693382
0,43693383,43719293
1,43719294,43719380
0,43719381,43734067
1,43734068,43734122
0,43734123,43741665
1,43741666,43741770
0,43741771,43743722
1,43743723,43743806
0,43743807,43746077
1,43746078,43746124
0,43746125,43748993
1,43748994,43749079
0,43749080,43750498
1,43750499,43750544
0,43750545,43752516
1,43752517,43752628
0,43752629,43753581
1,43753582,43753718
0,43753719,43755696
1,43755697,43755763
0,43755764,43755949
1,43755950,43756062
0,43756063,43774200
1,43774201,43774329
0,43774330,43774656
1,43774657,43774758
0,43774759,43776202
1,43776203,43776268
0,43776269,43789628
1,43789629,43789761
0,43789762,43791348
1,43791349,43791431
0,43791432,43792670
1,43792671,43792728
0,43792729,43793317
1,43793318,43793403
0,43793404,43795187
1,43795188,43795249
0,43795250,43797420
1,43797421,43797550
0,43797551,43797629
1,43797630,43797694
0,43797695,43797905
1,43797906,43798099
0,43798100,43799568
1,43799569,43799648
0,43799649,43800515
1,43800516,43800613
0,43800614,43800860
1,43800861,43800880
0,43800881,43802272
1,43802273,43802386
0,43802387,43803510
1,43803511,43803773
0,43803774,43959680
1,43959681,43959858
0,43959859,43967944
1,43967945,43968114
0,43968115,43969116
1,43969117,43969278
0,43969279,43970651
1,43970652,43970805
0,43970806,43971386
1,43971387,43971489
0,43971490,43978044
1,43978045,43978120
0,43978121,43980987
1,43980988,43981186
0,43981187,43982302
1,43982303,43982391
0,43982392,44012492
1,44012493,44012559
0,44012560,44032089
1,44032090,44032171
0,44032172,44037790
1,44037791,44037926
0,44037927,44052278
1,44052279,44052475
0,44052476,44055696
1,44055697,44055892
0,44055893,44059101
1,44059102,44059213
0,44059214,44059463
1,44059464,44059504
0,44059505,44063536
1,44063537,44063784
0,44063785,44074322
1,44074323,44074469
0,44074470,44075037
1,44075038,44075152
0,44075153,44076550
1,44076551,44076627
0,44076628,44077691
1,44077692,44077783
0,44077784,44079562
1,44079563,44079703
0,44079704,44080013
1,44080014,44080126
0,44080127,44082786
1,44082787,44083301
0,44083302,44084120
1,44084121,44084262
0,44084263,44086800
1,44086801,44086959
0,44086960,44087697
1,44087698,44087927
0,44087928,44089831
1,44089832,44089932
0,44089933,44091921
1,44091922,44092048
0,44092049,44094061
1,44094062,44094232
0,44094233,44098355
1,44098356,44098533
0,44098534,44102776
1,44102777,44102971
0,44102972,44103291
1,44103292,44103530
0,44103531,44107415
1,44107416,44107433
0,44107434,44108982
1,44108983,44109095
0,44109096,44113751
1,44113752,44113846
0,44113847,44114177
1,44114178,44114277
0,44114278,44114623
1,44114624,44114767
0,44114768,44115262
1,44115263,44115398
0,44115399,44115689
1,44115690,44115919
0,44115920,44117818
1,44117819,44117962
0,44117963,44118761
1,44118762,44118832
0,44118833,44119385
1,44119386,44119522
0,44119523,44120346
1,44120347,44120495
0,44120496,44120629
1,44120630,44120777
0,44120778,44120950
1,44120951,44121101
0,44121102,44122175
1,44122176,44122356
0,44122357,44124578
1,44124579,44124726
0,44124727,44126009
1,44126010,44126118
0,44126119,44126898
1,44126899,44126964
0,44126965,44127930
1,44127931,44128149
0,44128150,44128245
1,44128246,44128396
0,44128397,44128550
1,44128551,44128625
0,44128626,44130595
1,44130596,44130770
0,44130771,44133696
1,44133697,44133837
0,44133838,44134100
1,44134101,44134153
0,44134154,44136058
1,44136059,44136172
0,44136173,44137175
1,44137176,44137295
0,44137296,44140248
1,44140249,44140341
0,44140342,44143203
1,44143204,44143360
0,44143361,44144819
1,44144820,44144948
0,44144949,44223045
1,44223046,44223077
0,44223078,44229032
1,44229033,44229043
0,44229044,44230052
1,44230053,44230088
0,44230089,44231278
1,44231279,44231443
0,44231444,44235270
1,44235271,44235561
0,44235562,44236865
1,44236866,44237216
0,44237217,44238446
1,44238447,44238487
0,44238488,44240802
1,44240803,44240816
0,44240817,44246395
1,44246396,44246564
0,44246565,44249024
1,44249025,44249110
0,44249111,44250808
1,44250809,44250948
0,44250949,44251621
1,44251622,44251697
0,44251698,44254615
1,44254616,44254704
0,44254705,44256065
1,44256066,44256153
0,44256154,44258521
1,44258522,44258693
0,44258694,44259435
1,44259436,44259548
0,44259549,44259630
1,44259631,44259710
0,44259711,44260793
1,44260794,44260838
0,44260839,44261152
1,44261153,44261258
0,44261259,44286005
1,44286006,44286137
0,44286138,44286555
1,44286556,44286730
0,44286731,44286976
1,44286977,44287132
0,44287133,44287515
1,44287516,44287590
0,44287591,44288343
1,44288344,44288457
0,44288458,44289655
1,44289656,44289801
0,44289802,44289986
1,44289987,44290067
0,44290068,44291093
1,44291094,44291209
0,44291210,44292300
1,44292301,44292400
0,44292401,44292991
1,44292992,44293174
0,44293175,44293787
1,44293788,44293909
0,44293910,44294399
1,44294400,44294502
0,44294503,44296381
1,44296382,44296444
0,44296445,44297654
1,44297655,44297726
0,44297727,44300104
1,44300105,44300189
0,44300190,44306679
1,44306680,44306753
0,44306754,44311004
1,44311005,44311082
0,44311083,44312103
1,44312104,44312293
0,44312294,44312976
1,44312977,44313142
0,44313143,44313636
1,44313637,44313681
0,44313682,44313911
1,44313912,44314020
0,44314021,44316242
1,44316243,44316338
0,44316339,44316430
1,44316431,44316523
0,44316524,44318468
1,44318469,44318594
0,44318595,44319349
1,44319350,44319414
0,44319415,44320082
1,44320083,44320146
0,44320147,44321727
1,44321728,44321874
0,44321875,44322131
1,44322132,44322202
0,44322203,44322960
1,44322961,44323048
0,44323049,44323764
1,44323765,44323917
0,44323918,44324489
1,44324490,44324654
0,44324655,44324854
1,44324855,44324916
0,44324917,44325151
1,44325152,44325263
0,44325264,44325959
1,44325960,44326059
0,44326060,44326157
1,44326158,44326263
0,44326264,44326713
1,44326714,44326861
0,44326862,44330196
1,44330197,44330325
0,44330326,44330461
1,44330462,44330915
0,44330916,44331841
1,44331842,44332013
0,44332014,44333031
1,44333032,44333261
0,44333262,44335756
1,44335757,44335803
0,44335804,44337647
1,44337648,44337666
0,44337667,44339116
1,44339117,44339193
0,44339194,44353699
1,44353700,44353864
0,44353865,44354646
1,44354647,44354735
0,44354736,44364112
1,44364113,44364281
0,44364282,44366752
1,44366753,44366933
0,44366934,44369175
1,44369176,44369342
0,44369343,44375831
1,44375832,44376012
0,44376013,44377710
1,44377711,44377772
0,44377773,44378995
1,44378996,44379196
0,44379197,44382716
1,44382717,44382819
0,44382820,44390902
1,44390903,44391024
0,44391025,44391270
1,44391271,44391624
0,44391625,44395412
1,44395413,44395550
0,44395551,44397745
1,44397746,44397875
0,44397876,44399294
1,44399295,44399440
0,44399441,44400257
1,44400258,44400370
0,44400371,44401679
1,44401680,44401896
0,44401897,44405140
1,44405141,44405259
0,44405260,44405903
1,44405904,44406036
0,44406037,44406592
1,44406593,44406764
0,44406765,44413889
1,44413890,44414073
0,44414074,44417925
1,44417926,44418107
0,44418108,44418421
1,44418422,44418554
0,44418555,44422268
1,44422269,44422418
0,44422419,44423643
1,44423644,44423731
0,44423732,44424850
1,44424851,44424938
0,44424939,44425668
1,44425669,44425826
0,44425827,44426658
1,44426659,44426735
0,44426736,44427008
1,44427009,44427110
0,44427111,44435129
1,44435130,44435216
0,44435217,44437060
1,44437061,44437166
0,44437167,44439065
1,44439066,44439167
0,44439168,44440787
1,44440788,44440904
0,44440905,44441690
1,44441691,44441816
0,44441817,44456643
1,44456644,44457417
0,44457418,44499781
1,44499782,44499935
0,44499936,44504778
1,44504779,44504880
0,44504881,44509197
1,44509198,44509385
0,44509386,44521881
1,44521882,44522111
0,44522112,44525651
1,44525652,44525838
0,44525839,44527290
1,44527291,44527517
0,44527518,44528450
1,44528451,44528582
0,44528583,44529796
1,44529797,44529953
0,44529954,44531041
1,44531042,44531132
0,44531133,44533683
1,44533684,44533922
0,44533923,44567783
1,44567784,44568004
0,44568005,44690570
1,44690571,44690605
0,44690606,44711431
1,44711432,44711513
0,44711514,44771375
1,44771376,44771488
0,44771489,44773545
1,44773546,44773686
0,44773687,44777297
1,44777298,44777416
0,44777417,44787918
1,44787919,44787964
0,44787965,44788058
1,44788059,44788094
0,44788095,44801704
1,44801705,44801747
0,44801748,44851579
1,44851580,44851626
0,44851627,44855208
1,44855209,44855255
0,44855256,44856191
1,44856192,44856363
0,44856364,44861161
1,44861162,44861270
0,44861271,44865393
1,44865394,44865446
0,44865447,44873500
1,44873501,44873615
0,44873616,44886366
1,44886367,44886429
0,44886430,44886734
1,44886735,44886901
0,44886902,44888691
1,44888692,44888894
0,44888895,44889274
1,44889275,44889494
0,44889495,44889976
1,44889977,44890221
0,44890222,44891807
1,44891808,44891995
0,44891996,44893402
1,44893403,44893543
0,44893544,44894969
1,44894970,44895059
0,44895060,44899065
1,44899066,44899161
0,44899162,44900318
1,44900319,44900474
0,44900475,44901490
1,44901491,44901732
0,44901733,44903363
1,44903364,44903534
0,44903535,44906913
1,44906914,44907094
0,44907095,44910282
1,44910283,44910371
0,44910372,44910723
1,44910724,44910781
0,44910782,44940056
1,44940057,44940185
0,44940186,44943682
1,44943683,44943836
0,44943837,44960098
1,44960099,44960167
0,44960168,44967032
1,44967033,44967180
0,44967181,44973195
1,44973196,44973264
0,44973265,44976678
1,44976679,44976802
0,44976803,45171655
1,45171656,45171683
0,45171684,45175728
1,45175729,45176663
0,45176664,45180328
1,45180329,45180443
0,45180444,45182583
1,45182584,45182752
0,45182753,45183360
1,45183361,45183509
0,45183510,45184921
1,45184922,45185090
0,45185091,45204553
1,45204554,45204735
0,45204736,45220834
1,45220835,45221013
0,45221014,45222016
1,45222017,45222196
0,45222197,45265480
1,45265481,45265634
0,45265635,45267449
1,45267450,45267712
0,45267713,45269837
1,45269838,45270018
0,45270019,45277015
1,45277016,45277141
0,45277142,45278101
1,45278102,45278168
0,45278169,45282347
1,45282348,45282458
0,45282459,45283381
1,45283382,45283526
0,45283527,45285676
1,45285677,45285927
0,45285928,45287739
1,45287740,45287870
0,45287871,45405229
1,45405230,45405240
0,45405241,45405377
1,45405378,45405472
0,45405473,45455529
1,45455530,45456880
0,45456881,45468240
1,45468241,45468785
0,45468786,45473893
1,45473894,45473980
0,45473981,45475474
1,45475475,45475534
0,45475535,45476349
1,45476350,45476479
0,45476480,45477409
1,45477410,45477486
0,45477487,45477748
1,45477749,45477964
0,45477965,45478325
1,45478326,45478352
0,45478353,45479900
1,45479901,45479963
0,45479964,45480068
1,45480069,45480155
0,45480156,45480465
1,45480466,45480519
0,45480520,45480698
1,45480699,45480857
0,45480858,45481961
1,45481962,45482024
0,45482025,45482793
1,45482794,45482820
0,45482821,45486859
1,45486860,45486991
0,45486992,45487445
1,45487446,45487508
0,45487509,45488416
1,45488417,45488443
0,45488444,45489484
1,45489485,45489520
0,45489521,45490273
1,45490274,45490345
0,45490346,45490834
1,45490835,45490870
0,45490871,45491223
1,45491224,45491313
0,45491314,45492533
1,45492534,45492563
0,45492564,45492685
1,45492686,45492712
0,45492713,45493161
1,45493162,45493224
0,45493225,45493499
1,45493500,45493574
0,45493575,45494543
1,45494544,45494570
0,45494571,45494860
1,45494861,45494914
0,45494915,45495356
1,45495357,45495431
0,45495432,45496498
1,45496499,45496567
0,45496568,45497048
1,45497049,45497091
0,45497092,45497597
1,45497598,45497660
0,45497661,45504009
1,45504010,45504053
0,45504054,45504414
1,45504415,45504555
0,45504556,45505132
1,45505133,45505277
0,45505278,45505356
1,45505357,45505430
0,45505431,45505836
1,45505837,45505965
0,45505966,45507559
1,45507560,45507592
0,45507593,45509354
1,45509355,45509600
0,45509601,45510062
1,45510063,45510260
0,45510261,45511109
1,45511110,45511225
0,45511226,45512186
1,45512187,45512397
0,45512398,45515656
1,45515657,45516139
0,45516140,45525815
1,45525816,45525957
0,45525958,45530768
1,45530769,45530970
0,45530971,45531387
1,45531388,45532147
0,45532148,45534536
1,45534537,45534605
0,45534606,45537769
1,45537770,45537958
0,45537959,45850084
1,45850085,45850094
0,45850095,45896206
1,45896207,45896361
0,45896362,45899597
1,45899598,45899621
0,45899622,45900589
1,45900590,45900622
0,45900623,45900995
1,45900996,45901112
0,45901113,45909353
1,45909354,45909485
0,45909486,45910900
1,45910901,45911029
0,45911030,45917586
1,45917587,45917628
0,45917629,45929918
1,45929919,45929994
0,45929995,45930784
1,45930785,45930844
0,45930845,45935251
1,45935252,45935304
0,45935305,45940028
1,45940029,45940198
0,45940199,45941668
1,45941669,45941705
0,45941706,45981849
1,45981850,45981946
0,45981947,45982632
1,45982633,45982762
0,45982763,45984267
1,45984268,45984468
0,45984469,45986524
1,45986525,45986684
0,45986685,45986942
1,45986943,45987071
0,45987072,45987153
1,45987154,45987174
0,45987175,45987497
1,45987498,45987518
0,45987519,45987608
1,45987609,45987653
0,45987654,45989082
1,45989083,45989136
0,45989137,45989606
1,45989607,45989651
0,45989652,45989750
1,45989751,45989777
0,45989778,45990256
1,45990257,45990283
0,45990284,45990376
1,45990377,45990421
0,45990422,45990771
1,45990772,45990825
0,45990826,45990977
1,45990978,45991040
0,45991041,45992008
1,45992009,45992071
0,45992072,45992162
1,45992163,45992216
0,45992217,45992361
1,45992362,45992397
0,45992398,45992746
1,45992747,45992809
0,45992810,45994165
1,45994166,45994228
0,45994229,45997419
1,45997420,45997482
0,45997483,45997698
1,45997699,45997761
0,45997762,45998119
1,45998120,45998170
0,45998171,45998396
1,45998397,45998432
0,45998433,45998895
1,45998896,45998958
0,45998959,45999151
1,45999152,45999217
0,45999218,45999655
1,45999656,45999691
0,45999692,46000329
1,46000330,46000366
0,46000367,46000757
1,46000758,46000766
0,46000767,46001251
1,46001252,46001385
0,46001386,46001959
1,46001960,46002069
0,46002070,46002216
1,46002217,46002400
0,46002401,46002525
1,46002526,46002709
0,46002710,46003118
1,46003119,46003148
0,46003149,46003389
1,46003390,46004012
0,46004013,46111475
1,46111476,46111590
0,46111591,46111977
1,46111978,46112576
0,46112577,46112802
1,46112803,46112823
0,46112824,46114006
1,46114007,46114072
0,46114073,46115870
1,46115871,46115924
0,46115925,46116007
1,46116008,46116052
0,46116053,46116375
1,46116376,46116402
0,46116403,46116649
1,46116650,46116676
0,46116677,46116768
1,46116769,46116813
0,46116814,46117398
1,46117399,46117452
0,46117453,46117872
1,46117873,46117935
0,46117936,46118612
1,46118613,46118675
0,46118676,46119028
1,46119029,46119118
0,46119119,46119786
1,46119787,46119849
0,46119850,46120513
1,46120514,46120576
0,46120577,46121059
1,46121060,46121122
0,46121123,46121554
1,46121555,46121617
0,46121618,46122106
1,46122107,46122157
0,46122158,46122494
1,46122495,46122530
0,46122531,46122873
1,46122874,46122936
0,46122937,46124649
1,46124650,46124712
0,46124713,46124883
1,46124884,46124919
0,46124920,46125264
1,46125265,46125310
0,46125311,46125463
1,46125464,46125616
0,46125617,46125783
1,46125784,46126236
0,46126237,46126501
1,46126502,46126540
0,46126541,46131952
1,46131953,46132551
0,46132552,46136985
1,46136986,46137072
0,46137073,46137237
1,46137238,46137333
0,46137334,46138506
1,46138507,46138645
0,46138646,46138878
1,46138879,46138922
0,46138923,46145415
1,46145416,46145577
0,46145578,46145816
1,46145817,46145946
0,46145947,46146264
1,46146265,46146326
0,46146327,46150117
1,46150118,46150249
0,46150250,46150386
1,46150387,46150524
0,46150525,46151556
1,46151557,46151736
0,46151737,46151890
1,46151891,46151979
0,46151980,46152905
1,46152906,46153034
0,46153035,46154147
1,46154148,46154331
0,46154332,46155468
1,46155469,46155522
0,46155523,46161377
1,46161378,46161704
0,46161705,46161914
1,46161915,46162066
0,46162067,46168306
1,46168307,46168657
0,46168658,46182622
1,46182623,46182815
0,46182816,46191102
1,46191103,46191234
0,46191235,46191879
1,46191880,46191958
0,46191959,46194489
1,46194490,46194660
0,46194661,46195674
1,46195675,46195755
0,46195756,46196200
1,46196201,46196266
0,46196267,46205834
1,46205835,46205940
0,46205941,46206670
1,46206671,46206767
0,46206768,46207426
1,46207427,46207576
0,46207577,46208249
1,46208250,46208300
0,46208301,46209552
1,46209553,46209624
0,46209625,46210686
1,46210687,46210743
0,46210744,46213023
1,46213024,46213051
0,46213052,46213736
1,46213737,46213834
0,46213835,46215178
1,46215179,46215297
0,46215298,46215683
1,46215684,46215792
0,46215793,46216387
1,46216388,46216523
0,46216524,46219474
1,46219475,46219571
0,46219572,46221852
1,46221853,46221974
0,46221975,46222628
1,46222629,46222737
0,46222738,46227550
1,46227551,46227689
0,46227690,46228432
1,46228433,46228598
0,46228599,46228730
1,46228731,46228744
0,46228745,46235266
1,46235267,46235425
0,46235426,46236827
1,46236828,46236978
0,46236979,46240809
1,46240810,46241016
0,46241017,46242800
1,46242801,46242930
0,46242931,46243463
1,46243464,46243721
0,46243722,46244805
1,46244806,46245196
0,46245197,46246305
1,46246306,46246403
0,46246404,46246626
1,46246627,46246885
0,46246886,46251527
1,46251528,46251681
0,46251682,46254390
1,46254391,46254525
0,46254526,46254774
1,46254775,46254843
0,46254844,46256787
1,46256788,46256985
0,46256986,46258937
1,46258938,46259090
0,46259091,46260791
1,46260792,46260905
0,46260906,46261278
1,46261279,46261410
0,46261411,46264115
1,46264116,46264216
0,46264217,46265319
1,46265320,46265522
0,46265523,46265923
1,46265924,46266165
0,46266166,46266980
1,46266981,46267141
0,46267142,46270399
1,46270400,46270562
0,46270563,46272559
1,46272560,46272828
0,46272829,46273386
1,46273387,46273584
0,46273585,46275184
1,46275185,46275324
0,46275325,46277525
1,46277526,46277716
0,46277717,46279991
1,46279992,46280136
0,46280137,46280495
1,46280496,46280574
0,46280575,46283613
1,46283614,46283837
0,46283838,46284066
1,46284067,46285285
0,46285286,46286912
1,46286913,46287122
0,46287123,46291332
1,46291333,46291461
0,46291462,46296160
1,46296161,46296229
0,46296230,46297537
1,46297538,46297633
0,46297634,46301997
1,46301998,46302153
0,46302154,46302483
1,46302484,46302575
0,46302576,46311454
1,46311455,46311566
0,46311567,46314714
1,46314715,46315005
0,46315006,46315472
1,46315473,46315546
0,46315547,46317206
1,46317207,46317267
0,46317268,46318010
1,46318011,46318219
0,46318220,46322637
1,46322638,46322737
0,46322738,46324227
1,46324228,46324281
0,46324282,46326375
1,46326376,46326588
0,46326589,46334395
1,46334396,46334767
0,46334768,46346126
1,46346127,46346207
0,46346208,46346741
1,46346742,46346997
0,46346998,46347455
1,46347456,46347511
0,46347512,46349010
1,46349011,46349185
0,46349186,46349682
1,46349683,46349819
0,46349820,46351427
1,46351428,46351539
0,46351540,46353102
1,46353103,46353325
0,46353326,46353985
1,46353986,46354067
0,46354068,46355450
1,46355451,46355625
0,46355626,46356972
1,46356973,46357190
0,46357191,46363478
1,46363479,46363933
0,46363934,46366582
1,46366583,46367138
0,46367139,46381692
1,46381693,46381839
0,46381840,46385830
1,46385831,46385982
0,46385983,46388740
1,46388741,46388883
0,46388884,46389197
1,46389198,46389430
0,46389431,46390668
1,46390669,46390831
0,46390832,46391162
1,46391163,46391375
0,46391376,46397263
1,46397264,46397493
0,46397494,46398012
1,46398013,46398129
0,46398130,46398233
1,46398234,46398254
0,46398255,46399588
1,46399589,46399795
0,46399796,46401549
1,46401550,46401720
0,46401721,46402329
1,46402330,46402482
0,46402483,46411187
1,46411188,46412066
0,46412067,46412835
1,46412836,46412991
0,46412992,46416067
1,46416068,46416838
0,46416839,46418202
1,46418203,46418305
0,46418306,46421968
1,46421969,46422123
0,46422124,46425829
1,46425830,46425970
0,46425971,46427620
1,46427621,46427794
0,46427795,46428393
1,46428394,46428589
0,46428590,46430008
1,46430009,46430231
0,46430232,46430505
1,46430506,46430656
0,46430657,46431527
1,46431528,46432214
0,46432215,46435902
1,46435903,46436147
0,46436148,46436977
1,46436978,46437080
0,46437081,46438162
1,46438163,46438336
0,46438337,46440081
1,46440082,46440201
0,46440202,46440853
1,46440854,46441083
0,46441084,46442495
1,46442496,46442572
0,46442573,46443808
1,46443809,46443947
0,46443948,46444692
1,46444693,46444820
0,46444821,46445282
1,46445283,46445326
0,46445327,46459130
1,46459131,46459221
0,46459222,46484755
1,46484756,46484827
0,46484828,46490598
1,46490599,46490718
0,46490719,46496986
1,46496987,46497106
0,46497107,46498580
1,46498581,46498832
0,46498833,46504359
1,46504360,46504488
0,46504489,46509255
1,46509256,46509375
0,46509376,46511415
1,46511416,46511613
0,46511614,46529090
1,46529091,46529182
0,46529183,46532125
1,46532126,46532236
0,46532237,46533522
1,46533523,46533646
0,46533647,46534002
1,46534003,46534112
0,46534113,46534583
1,46534584,46534686
0,46534687,46537222
1,46537223,46537287
0,46537288,46537444
1,46537445,46537538
0,46537539,46538481
1,46538482,46538601
0,46538602,46539875
1,46539876,46539990
0,46539991,46541754
1,46541755,46541894
0,46541895,46545135
1,46545136,46545272
0,46545273,46545879
1,46545880,46545960
0,46545961,46546913
1,46546914,46547045
0,46547046,46549769
1,46549770,46549884
0,46549885,46550541
1,46550542,46550743
0,46550744,46551632
1,46551633,46551742
0,46551743,46551822
1,46551823,46551903
0,46551904,46554167
1,46554168,46554291
0,46554292,46554573
1,46554574,46554695
0,46554696,46554820
1,46554821,46554932
0,46554933,46555980
1,46555981,46556090
0,46556091,46556937
1,46556938,46557068
0,46557069,46557583
1,46557584,46557752
0,46557753,46558221
1,46558222,46558392
0,46558393,46560720
1,46560721,46560782
0,46560783,46561746
1,46561747,46561804
0,46561805,46563856
1,46563857,46563931
0,46563932,46565711
1,46565712,46565886
0,46565887,46566558
1,46566559,46566682
0,46566683,46567368
1,46567369,46567621
0,46567622,46599361
1,46599362,46599502
0,46599503,46602276
1,46602277,46602414
0,46602415,46636950
1,46636951,46636989
0,46636990,46643533
1,46643534,46643638
0,46643639,46644304
1,46644305,46644487
0,46644488,46648456
1,46648457,46648618
0,46648619,46649573
1,46649574,46649738
0,46649739,46651804
1,46651805,46652005
0,46652006,46658743
1,46658744,46658919
0,46658920,46660831
1,46660832,46660961
0,46660962,46661798
1,46661799,46661935
0,46661936,46663381
1,46663382,46663553
0,46663554,46664293
1,46664294,46664326
0,46664327,46709982
